2576 3075
1 2 26
2 3 10
7 8 28
8 9 14
9 10 16
12 13 25
14 15 12
16 17 16
17 18 17
19 20 17
21 22 15
27 28 10
29 30 10
30 31 12
31 32 19
32 33 18
34 35 15
44 45 11
45 46 94
47 48 115
48 49 60
50 51 146
51 52 138
52 53 30
63 64 36
74 75 23
76 77 12
79 80 7
37 81 25
84 85 10
85 86 17
87 88 20
88 89 22
89 90 16
90 91 18
94 95 6
95 96 7
41 96 6
98 99 19
107 108 33
111 112 168
112 113 131
46 113 72
115 116 10
116 117 12
58 118 7
121 122 31
122 123 23
124 125 42
125 126 24
127 128 20
128 129 41
129 130 46
130 131 35
131 132 50
132 133 31
137 138 41
140 141 31
141 142 28
142 143 47
124 144 51
144 145 14
20 148 39
149 150 42
150 151 15
157 158 25
161 162 22
57 163 11
118 164 11
164 165 17
59 165 11
59 166 12
171 172 11
76 174 41
175 176 15
176 177 31
179 180 45
180 181 35
181 182 43
182 183 50
184 185 24
185 186 89
187 188 199
189 190 147
110 200 19
109 202 27
73 203 86
153 205 87
207 208 47
192 209 16
210 211 22
212 213 59
68 214 35
214 215 40
218 219 26
220 221 23
229 230 31
230 231 45
231 232 112
120 233 21
239 240 60
243 244 44
244 245 50
247 248 23
10 248 17
10 249 75
249 250 17
250 251 22
251 252 23
131 253 25
20 254 17
149 254 19
255 256 27
258 259 14
261 262 39
193 263 45
263 264 69
264 265 40
265 266 34
267 268 23
269 270 26
270 271 28
271 272 34
272 273 15
273 274 37
278 279 60
280 281 19
281 282 71
282 283 65
286 287 7
217 288 27
289 290 20
290 291 26
292 293 17
206 295 11
297 298 35
298 299 25
299 300 34
300 301 26
302 303 7
303 304 3
304 305 6
305 306 5
306 307 4
307 308 5
308 309 4
309 310 5
310 311 4
311 312 5
312 313 7
313 314 4
314 315 4
315 316 3
316 317 3
317 318 6
322 323 11
324 325 13
326 327 14
328 329 18
222 329 17
332 333 18
38 334 16
75 336 15
276 337 18
337 338 11
339 340 18
340 341 19
22 343 37
347 348 7
93 156 16
156 349 23
349 350 15
351 352 31
352 353 37
353 354 19
354 355 19
356 357 27
357 358 24
360 361 26
193 365 35
365 366 28
169 368 54
368 369 38
369 370 32
370 371 34
371 372 38
260 372 54
260 373 21
261 373 24
246 375 10
43 379 18
23 380 12
23 381 13
24 381 13
384 385 27
385 386 13
386 387 70
268 388 24
388 389 16
269 389 24
271 390 18
391 392 10
392 393 27
393 394 24
88 401 20
404 405 13
407 408 25
2 409 42
58 414 35
193 419 54
419 420 16
422 423 48
192 424 38
382 425 13
425 426 12
426 427 9
427 428 12
428 429 11
167 431 20
431 432 35
330 396 18
334 433 45
434 435 17
194 435 44
436 437 92
6 441 15
441 442 19
7 442 13
43 444 17
296 446 16
448 449 32
449 450 17
450 451 31
454 455 19
275 459 26
460 461 22
464 465 21
465 466 11
25 466 17
25 467 12
27 258 16
195 469 48
470 471 40
20 472 15
21 472 21
342 473 19
36 474 21
79 474 13
470 475 54
471 476 43
476 477 43
477 478 38
478 479 36
377 487 10
376 487 21
489 490 31
490 491 25
491 492 12
11 492 16
329 398 18
495 496 11
443 497 31
93 499 24
83 501 17
334 502 23
333 503 23
183 504 21
505 506 19
507 508 32
54 508 26
246 510 24
511 512 71
512 513 77
513 514 39
514 515 69
516 517 25
35 517 26
5 518 12
520 521 27
521 522 43
47 525 28
33 526 9
530 531 11
531 532 11
382 532 18
167 533 11
195 535 38
434 536 22
268 536 12
268 537 34
433 537 25
538 539 24
539 540 23
540 541 15
541 542 21
542 543 14
543 544 24
544 545 20
278 547 18
547 548 15
402 551 14
402 552 16
404 553 15
3 555 7
559 560 22
560 561 26
242 561 11
562 563 13
563 564 22
564 565 11
565 566 15
568 569 39
569 570 18
570 571 20
223 571 18
223 572 37
186 574 23
400 575 14
575 576 16
193 576 16
88 193 13
498 577 19
6 577 18
578 579 38
443 579 14
4 34 35
167 581 8
528 582 11
585 586 9
586 587 15
587 588 9
588 589 9
589 590 18
567 591 26
567 592 18
568 592 19
334 593 31
538 593 13
413 595 25
83 599 18
167 600 18
253 602 6
603 604 6
605 606 4
606 607 3
404 609 37
320 609 46
610 611 24
611 612 11
470 612 31
86 613 15
614 615 16
432 616 24
534 618 14
54 623 53
625 626 40
222 627 11
259 382 23
628 629 13
629 630 26
631 632 28
636 637 16
430 581 12
641 642 19
643 644 18
644 645 18
645 646 23
646 647 24
165 647 16
118 648 15
413 649 18
412 649 17
160 650 9
650 651 11
651 652 17
655 656 40
55 657 14
659 660 14
660 661 2
445 664 41
664 665 24
665 666 26
192 667 43
416 593 71
668 669 84
670 671 18
672 673 19
673 674 53
436 674 62
280 675 25
676 677 38
677 678 11
678 679 10
609 680 51
609 681 55
684 685 35
79 685 82
456 686 11
584 688 19
689 690 15
690 691 15
691 692 12
499 693 13
498 693 21
55 162 10
58 694 17
78 696 16
5 698 17
698 699 19
453 700 12
33 701 11
702 703 9
554 705 11
555 705 11
105 708 33
73 624 9
709 710 25
711 712 35
712 713 16
713 714 33
714 715 45
205 718 63
204 718 15
204 719 24
720 721 36
721 722 43
706 723 22
80 723 21
545 594 26
197 724 19
198 724 28
83 726 18
493 726 22
493 727 16
464 728 8
688 729 11
455 584 15
377 731 82
398 736 16
89 193 29
60 739 26
61 740 19
26 741 11
465 742 26
742 743 17
345 744 11
345 745 14
11 746 20
12 746 23
6 748 12
6 749 24
19 749 10
26 750 11
27 750 15
751 752 49
479 752 30
479 753 24
194 753 49
754 755 22
755 756 26
756 757 28
757 758 18
744 758 48
759 760 17
760 761 16
275 761 15
359 458 15
168 762 8
169 762 13
763 764 20
764 765 19
36 766 21
103 768 12
655 769 50
654 769 17
654 770 12
151 771 25
152 771 21
773 774 18
88 774 13
88 775 17
776 777 12
777 778 12
778 779 7
779 780 16
780 781 11
781 782 16
782 783 10
783 784 13
784 785 11
785 786 20
330 786 16
119 787 14
495 601 10
792 793 20
793 794 21
794 795 9
631 796 17
796 797 16
797 798 15
798 799 15
799 800 15
801 802 55
802 803 47
804 805 52
138 805 51
1 137 50
15 809 20
156 810 27
810 811 12
811 812 31
616 812 17
817 818 20
818 819 35
819 820 28
820 821 26
821 822 17
823 824 13
824 825 35
546 825 31
546 826 16
826 827 9
180 827 34
180 828 13
494 600 11
167 829 17
830 831 34
831 832 12
832 833 24
833 834 29
834 835 19
835 836 18
837 838 36
590 838 25
840 841 26
842 843 24
845 846 24
847 848 59
97 849 138
534 850 10
195 851 9
92 550 18
156 550 38
144 852 10
22 853 20
343 854 19
473 854 13
339 856 33
584 856 25
403 552 16
244 857 51
857 858 79
858 859 23
859 860 23
860 861 61
861 862 32
411 864 58
217 357 25
218 357 25
276 361 20
455 687 14
866 867 74
867 868 50
868 869 51
869 870 19
768 873 15
102 767 9
496 872 6
488 510 24
488 874 10
491 875 18
875 876 16
806 876 36
383 878 14
468 703 11
366 481 21
879 880 57
880 881 12
424 881 49
456 882 10
453 883 11
262 884 17
655 885 65
885 886 21
56 163 15
58 888 32
236 889 38
892 893 27
893 894 17
894 895 14
759 895 16
360 458 10
276 360 12
896 897 12
879 898 24
423 898 22
416 899 25
899 900 17
900 901 30
415 901 21
684 902 20
178 739 22
285 903 13
285 904 11
153 906 13
153 907 15
220 907 10
605 914 4
917 918 14
918 919 11
919 920 10
920 921 10
789 921 20
320 923 24
923 924 15
924 925 13
77 363 11
363 926 18
78 926 17
927 928 12
928 929 11
929 930 5
930 931 10
931 932 12
932 933 11
933 934 9
934 935 22
935 936 8
936 937 7
937 938 9
938 939 17
940 941 10
916 942 9
915 942 4
297 447 52
297 446 43
296 943 53
395 944 16
143 194 53
143 945 54
367 945 49
124 949 48
301 949 13
62 640 11
950 951 8
951 952 8
952 953 14
137 409 30
754 954 26
140 955 38
535 955 43
469 535 76
461 956 10
463 957 57
957 958 25
958 959 63
145 346 25
346 960 36
892 963 44
964 965 26
965 966 19
966 967 24
967 968 19
367 968 47
140 969 78
668 970 76
221 970 33
447 971 59
263 972 16
972 973 25
974 975 33
975 976 16
976 977 15
682 978 15
415 682 31
979 980 15
980 981 29
983 984 22
984 985 31
986 987 16
987 988 54
989 990 21
990 991 40
991 992 31
992 993 26
217 994 70
995 996 68
996 997 42
344 745 6
744 998 18
687 882 13
1000 1001 205
1001 1002 52
1002 1003 99
1004 1005 44
1007 1008 24
734 1008 17
462 956 24
484 763 14
408 1009 44
1009 1010 14
735 1011 35
93 810 22
222 1013 11
908 1013 10
717 1014 12
219 1014 28
50 1021 115
49 1021 29
525 1022 21
1022 1023 20
46 1023 118
139 1024 49
169 1024 56
341 855 17
1025 1026 5
1026 1027 5
1027 1028 6
79 335 16
601 697 16
784 1029 24
648 1031 9
1031 1032 12
1032 1033 9
1035 1036 8
735 1037 13
1037 1038 13
1038 1039 10
685 1039 20
55 1040 38
54 1040 53
169 1042 37
195 1042 59
31 1044 32
1044 1045 31
1045 1046 20
28 1046 25
28 258 17
372 1047 34
146 1047 18
147 1048 17
622 1049 26
621 1049 27
699 1050 12
560 1051 20
245 1051 25
245 1052 28
1052 1053 22
375 1053 22
203 719 28
200 1054 33
1056 1057 32
124 156 18
196 850 7
196 1059 12
197 1059 7
148 1060 23
131 1060 27
1061 1062 41
1062 1063 37
1063 1064 24
584 1065 87
1065 1066 57
1066 1067 52
1067 1068 41
1068 1069 46
151 255 37
213 1071 53
1071 1072 24
437 1072 28
350 1073 13
345 1074 11
379 1075 12
557 1076 12
559 1077 23
566 591 43
454 584 26
454 883 14
625 1078 15
1078 1079 19
1079 1080 25
1081 1082 10
1082 1083 12
1083 1084 14
953 1084 12
423 1085 78
421 1085 24
362 1086 22
362 738 26
738 1087 19
445 1088 39
1089 1090 18
1092 1093 23
1093 1094 25
1094 1095 14
1095 1096 26
1096 1097 34
1097 1098 25
1098 1099 19
1100 1101 13
781 1030 19
452 1102 9
583 1102 14
583 700 13
430 533 9
407 1105 9
767 1106 42
1106 1107 48
1107 1108 17
78 1109 27
78 738 22
738 927 192
404 1114 14
191 1115 30
1115 1116 19
440 1116 24
1104 1117 11
1118 1119 16
946 1119 25
946 1120 29
1120 1121 21
1122 1123 42
1123 1124 70
1124 1125 22
1125 1126 28
1126 1127 45
1127 1128 44
1128 1129 31
1108 1130 119
516 1131 14
245 1133 67
1133 1134 49
1134 1135 48
1136 1137 30
515 1137 44
515 806 89
208 1138 82
1138 1139 38
1139 1140 64
1140 1141 32
1141 1142 45
1142 1143 87
1143 1144 27
511 1145 78
1136 1146 30
1146 1147 45
1135 1147 33
730 1148 28
1148 1149 30
173 1150 13
173 1151 80
1151 1152 97
136 1153 23
635 1154 14
636 1154 7
638 1000 18
208 1034 12
1155 1156 15
237 1156 45
595 1158 20
414 1158 19
57 694 14
56 364 14
162 364 16
634 1162 17
634 1163 13
637 1164 16
557 1165 14
376 510 14
299 447 31
156 949 38
156 1166 39
1166 1167 20
1004 1167 31
1005 1168 47
1006 1168 14
1007 1169 15
964 1007 50
626 1172 13
458 1173 174
801 1173 53
377 1174 28
891 1175 18
891 1176 40
494 697 11
14 1177 20
399 736 15
86 1178 15
82 502 19
331 1179 27
786 1179 29
1091 1180 59
99 1181 43
1181 1182 67
100 1182 43
118 1183 27
346 1184 9
78 362 44
363 1086 17
597 1186 14
124 947 91
139 969 69
45 1057 54
217 356 23
988 1187 18
1187 1188 31
286 904 17
903 1189 11
155 1189 19
196 1193 7
197 1193 11
1194 1195 35
319 1199 13
120 1199 9
330 395 27
234 1201 28
1201 1202 9
1202 1203 9
1203 1204 9
652 1204 9
652 1205 9
1205 1206 14
1206 1207 15
1207 1208 11
653 1020 9
1020 1209 62
1209 1210 13
1210 1211 32
1211 1212 24
1212 1213 23
941 1213 23
230 1214 146
1214 1215 34
228 1215 38
228 1216 56
243 561 78
243 559 42
730 1219 42
136 379 20
515 1222 78
954 1224 25
962 1226 21
1011 1114 34
977 1227 28
38 502 17
725 766 17
432 1228 34
484 1229 12
485 1230 14
1231 1232 10
1232 1233 7
1234 1235 8
1236 1237 14
730 1238 21
559 1238 32
681 1239 29
978 1239 14
940 1241 104
655 1242 76
1242 1243 25
1243 1244 23
1158 1245 57
1246 1247 18
328 1248 19
558 1077 15
558 1076 23
197 1250 6
598 1251 12
1251 1252 12
160 1252 7
160 234 27
709 1253 31
223 1253 49
184 223 485
338 457 9
507 1254 10
506 1254 17
505 1255 15
658 1255 22
111 1256 243
667 1257 50
666 1257 22
34 1131 25
698 1050 9
1035 1258 11
448 1259 42
971 1259 40
298 971 59
224 572 16
1260 1261 41
208 1261 72
94 1262 14
173 1263 12
1192 1263 24
559 1051 38
1 136 10
1265 1266 22
612 1266 28
160 1267 26
1267 1268 11
86 1273 49
1274 1275 12
237 1275 27
237 1276 41
1276 1277 13
1277 1278 13
238 1278 32
76 1279 24
336 1279 21
237 1281 34
1174 1282 16
342 855 13
1284 1285 22
1285 1286 13
1287 1288 12
1288 1289 14
152 343 51
683 902 16
685 1292 42
408 1292 19
159 1293 52
1293 1294 33
351 1294 20
358 1295 33
155 1295 46
247 374 21
382 1047 33
994 1297 49
573 1298 15
746 875 16
807 1299 28
497 578 21
442 578 25
1301 1302 20
1302 1303 42
1303 1304 19
1304 1305 9
1305 1306 12
79 1307 8
1307 1308 46
1308 1309 15
1309 1310 12
1310 1311 14
1311 1312 13
1208 1313 9
653 1313 9
1315 1316 29
1317 1318 55
1319 1320 33
1320 1321 19
1321 1322 22
802 1322 72
209 1323 41
1323 1324 10
1324 1325 34
635 1163 7
255 771 26
257 1326 16
25 1327 28
25 1328 21
1056 1329 15
112 1329 78
1280 1331 14
159 1332 19
158 1332 18
430 1333 9
789 1334 15
790 1334 13
790 1335 20
791 1335 23
791 1336 13
792 1336 12
793 1337 12
1337 1338 29
1290 1339 25
1291 1339 27
1291 1340 78
368 1340 36
2 1341 71
1007 1342 59
450 1342 35
155 1231 9
940 1313 226
361 1343 52
1343 1344 129
1344 1345 116
257 1347 66
744 1348 39
947 1272 33
947 1349 36
580 599 12
1020 1350 14
524 1350 25
1258 1351 7
1351 1352 4
1352 1353 5
1034 1353 4
701 1354 9
29 1355 11
155 1356 11
207 1357 9
512 1358 74
1198 1358 48
1359 1360 23
974 1361 16
973 1361 13
463 1362 45
1362 1363 27
356 1363 83
189 1364 488
188 1364 86
188 1365 96
1005 1122 63
1005 1121 32
616 1118 56
139 616 39
62 1366 18
1330 1367 7
62 639 16
7 578 16
881 1368 34
1368 1369 32
830 1369 44
1370 1371 49
1371 1372 12
1372 1373 29
156 947 74
1349 1374 24
946 1374 14
946 1375 29
82 580 16
332 1376 13
331 1376 12
988 1377 10
1377 1378 11
1378 1379 8
1379 1380 10
1380 1381 10
1381 1382 10
989 1382 16
813 1383 77
1383 1384 19
1384 1385 34
1385 1386 53
1387 1388 224
1150 1389 22
1389 1390 46
863 1391 28
863 1392 34
411 1392 75
995 1297 84
789 1393 14
788 1393 10
788 1394 12
948 1348 24
948 1395 20
1272 1395 20
1396 1397 17
266 1397 15
266 1398 38
1398 1399 17
267 1399 17
1030 1400 45
962 1401 56
1402 1403 34
173 1403 29
522 1405 20
1405 1406 17
523 1406 11
523 1407 13
1407 1408 14
1408 1409 14
1409 1410 10
1411 1412 15
524 1412 32
330 1179 32
3 233 39
42 1413 4
43 1413 7
40 1058 6
1019 1058 4
1019 1414 8
323 1246 16
321 1415 11
1256 1416 69
1416 1417 89
372 425 19
468 704 8
38 1418 23
1418 1419 10
37 1419 10
37 1420 16
1420 1421 16
1421 1422 16
1422 1423 13
1423 1424 10
404 1424 14
324 1247 11
320 680 11
763 1425 15
884 1427 26
704 1428 10
139 431 39
139 1228 22
727 1228 9
238 1429 25
462 1430 10
463 1430 27
463 1431 80
1431 1432 36
157 1073 10
1433 1434 25
1434 1435 44
1435 1436 16
431 469 52
1039 1249 11
1249 1439 16
80 1439 16
500 1178 12
292 908 32
221 1440 11
294 397 14
154 294 16
842 1441 24
1441 1442 23
1269 1443 10
489 1175 37
1107 1444 54
767 1444 36
1446 1447 18
102 1447 26
440 624 76
864 1448 40
862 1391 30
1109 1296 26
1449 1450 25
121 1451 82
1452 1453 50
17 251 12
134 1455 43
124 1166 54
280 1460 37
134 1461 54
242 1462 22
378 1463 24
137 554 37
209 614 14
210 615 10
344 853 11
160 1465 16
1 444 29
444 1454 26
1454 1466 40
135 1466 54
648 1467 10
1467 1468 9
1468 1469 9
1469 1470 7
1470 1471 8
1471 1472 14
429 1333 11
1401 1473 25
1473 1474 21
1474 1475 29
1475 1476 15
1476 1477 12
133 1477 63
1104 1479 16
1479 1480 49
444 579 48
627 1218 19
1172 1218 15
604 914 5
401 551 16
1034 1482 6
1171 1273 33
277 548 25
279 1460 17
707 1484 21
1485 1486 78
1486 1487 18
1487 1488 24
1488 1489 48
1489 1490 82
1490 1491 18
71 1492 12
1492 1493 45
1493 1494 22
1494 1495 6
1495 1496 16
1496 1497 19
496 1498 14
198 1498 6
252 1499 40
1504 1505 19
1507 1508 12
93 1509 11
1509 1510 5
447 1511 37
720 1511 49
720 1512 34
159 1512 40
159 1513 61
1513 1514 14
620 1514 64
411 1515 37
1515 1516 49
620 1180 30
259 372 55
147 724 51
1452 1517 45
80 725 11
81 725 22
1236 1518 13
1235 1518 11
1233 1519 7
382 1520 9
768 1521 18
101 1447 31
1522 1523 39
1523 1524 70
1524 1525 65
1525 1526 119
1526 1527 80
1527 1528 47
1528 1529 72
1529 1530 50
1530 1531 79
183 1532 35
519 1532 49
519 1533 12
413 1534 22
417 1535 14
458 1132 18
1015 1537 15
717 1538 14
153 1538 39
325 922 12
233 516 10
86 1539 26
481 1539 14
892 1540 44
406 608 17
962 1541 43
1225 1541 15
961 1225 25
257 961 126
528 1542 11
529 1542 22
142 945 95
205 1543 53
457 686 12
841 1544 80
1544 1545 52
1545 1546 28
1546 1547 31
1547 1548 9
1548 1549 12
1549 1550 22
681 1550 42
11 1551 20
1015 1551 14
136 444 22
996 1552 114
217 1553 65
1363 1553 15
4 518 16
1554 1555 8
1555 1556 29
1556 1557 14
439 1557 47
439 1558 39
438 1558 32
1371 1559 56
1559 1560 44
507 1560 22
507 1561 35
54 1562 90
92 1563 13
91 1563 16
411 1564 41
410 1564 36
410 1565 16
1565 1566 40
1500 1566 34
1500 1567 18
1567 1568 24
252 1568 36
616 1569 39
367 1569 56
287 1570 14
194 1571 84
1571 1572 21
1572 1573 39
1573 1574 22
477 1574 27
74 695 19
501 1575 12
143 1575 12
496 1576 9
1020 1411 14
11 876 14
876 1577 13
1222 1577 18
619 1295 15
1345 1578 50
1578 1579 141
1346 1579 87
1346 1580 31
1347 1580 50
146 1581 13
327 1248 19
406 1038 14
999 1582 36
1582 1583 15
1449 1584 45
372 1520 16
878 1428 9
1561 1585 28
1562 1585 41
179 1586 43
1017 1587 17
1016 1587 12
467 741 13
1588 1589 49
1589 1590 25
1590 1591 17
1591 1592 55
1592 1593 12
199 1593 44
199 1594 61
112 1594 86
784 1595 18
395 1595 42
1048 1581 22
217 1596 26
1227 1597 11
404 1597 26
1598 1599 22
98 1599 20
120 787 8
84 501 13
87 500 16
1264 1600 48
1601 1602 18
1602 1603 14
1159 1413 7
503 1185 20
706 1010 139
1016 1404 11
253 1499 28
597 1605 13
593 1185 31
118 1606 27
1606 1607 7
1607 1608 12
979 1608 10
981 1609 12
1609 1610 12
982 1610 28
982 1611 35
983 1611 16
984 1612 27
1612 1613 29
1613 1614 25
1614 1615 12
1615 1616 29
1616 1617 35
54 1617 27
1618 1619 9
1619 1620 8
788 1433 23
493 1481 16
829 1481 17
135 1623 33
1624 1625 20
41 1626 5
1627 1628 14
1629 1630 14
1631 1632 9
1633 1634 25
1634 1635 39
1436 1637 23
1437 1637 15
413 1640 40
1640 1641 31
1264 1641 12
1264 1642 38
984 1642 24
985 1643 24
986 1643 10
356 1644 13
903 1231 29
183 1645 88
1645 1646 29
1646 1647 118
193 1648 44
734 1648 15
449 1342 52
124 1649 75
1650 1651 39
1651 1652 28
1326 1652 46
257 1653 15
256 1653 14
222 549 42
740 1366 13
703 1520 12
1170 1655 10
460 1655 32
533 1333 14
681 1361 205
445 1656 44
1656 1657 80
1657 1658 53
221 1658 25
32 1043 52
1070 1659 49
80 766 19
287 1478 9
367 1660 30
133 1461 45
612 1662 18
475 1662 10
475 1663 18
469 1663 18
1287 1664 8
43 1665 13
42 1666 9
106 1667 32
284 1667 14
283 1668 19
1485 1669 20
53 1669 29
1670 1671 7
1671 1672 8
93 1672 18
676 1674 14
675 1674 19
1223 1296 9
571 709 32
130 1675 35
622 1675 21
621 1676 25
620 1676 22
8 133 49
76 1677 40
137 1341 69
101 1679 38
1522 1679 34
1525 1680 100
1680 1681 191
1681 1682 82
1647 1682 170
1647 1683 6
1683 1684 24
828 1685 60
118 1685 23
224 573 14
177 1686 17
178 1686 25
739 1687 42
645 1687 24
263 1688 22
1104 1688 31
1479 1689 18
161 1161 15
55 161 24
1690 1691 22
1691 1692 23
1692 1693 24
1693 1694 45
399 1695 17
400 1695 18
1635 1696 34
1696 1697 17
797 1636 51
631 1698 15
795 1698 38
14 1661 16
1699 1700 32
1700 1701 34
1701 1702 12
520 1702 23
1316 1704 23
1413 1666 10
110 1592 24
594 1200 18
540 1705 29
415 1705 23
1706 1707 63
1707 1708 18
346 1709 10
39 1710 6
1712 1713 15
1714 1715 46
193 775 25
406 1105 16
524 1409 17
1209 1409 9
1212 1718 10
1720 1721 13
520 1721 16
1111 1722 16
1029 1400 15
394 944 43
391 1723 15
390 1723 28
390 1724 39
479 1724 24
1725 1726 15
192 1063 95
1061 1727 47
1727 1728 22
1728 1729 17
833 1729 15
839 1730 15
840 1730 17
525 1057 153
18 748 13
1152 1732 6
1732 1733 5
1220 1733 5
1220 1734 7
1221 1734 4
1221 1735 4
1735 1736 7
1736 1737 4
1737 1738 3
379 1738 7
1159 1626 8
432 1739 11
217 1170 75
1540 1624 40
1074 1709 10
198 1741 10
26 1742 18
1742 1743 11
744 960 30
352 959 66
1144 1744 80
79 723 24
404 1745 19
1227 1745 22
563 1746 93
1746 1747 32
367 1748 31
969 1748 54
1367 1749 10
640 1749 11
871 1750 53
868 1750 87
1713 1751 13
97 1713 9
326 922 14
706 1292 26
100 1752 36
767 1753 22
1521 1753 21
103 1754 61
1754 1755 34
104 1755 35
104 1756 36
707 1756 56
598 1632 60
768 1758 16
524 1438 9
727 1759 18
139 1759 13
55 1760 47
782 1030 28
1199 1665 17
411 1761 49
747 809 17
16 747 13
1286 1762 15
322 1502 10
1099 1763 23
1155 1763 26
384 1764 14
126 1765 40
1283 1766 11
1283 1731 9
1664 1767 8
944 1768 38
722 1769 21
1649 1769 21
778 1770 39
1770 1771 56
1400 1771 56
64 1773 55
65 1773 15
65 1774 14
1774 1775 29
1775 1776 18
1776 1777 15
66 1777 30
66 1778 10
1778 1779 11
1779 1780 14
1780 1781 11
1781 1782 14
1782 1783 12
1783 1784 11
1784 1785 11
1785 1786 11
67 1786 11
67 1787 11
1787 1788 11
1788 1789 11
1789 1790 11
1790 1791 11
1791 1792 11
68 1792 29
215 1793 18
1793 1794 41
106 1794 31
990 1795 27
1797 1798 27
1798 1799 91
904 1570 10
1161 1465 15
806 890 13
890 1299 36
1800 1801 15
191 1802 41
1802 1803 189
377 1804 34
732 1804 34
732 1805 15
733 1805 15
733 1806 57
1806 1807 18
10 1807 21
1087 1808 30
642 1809 19
643 1809 32
540 1810 59
1810 1811 31
1811 1812 42
1812 1813 24
103 1814 31
1814 1815 126
358 619 27
378 1282 16
1415 1502 13
944 1179 20
293 1440 10
892 1816 47
1816 1817 30
1817 1818 21
1818 1819 21
135 1819 27
1820 1821 4
111 1055 102
1823 1824 61
1824 1825 48
78 1826 24
79 1826 12
823 1827 11
822 1827 18
1379 1601 8
1234 1829 8
1743 1830 21
465 1830 10
484 1831 12
242 1832 56
1498 1576 10
196 1833 11
1152 1834 45
1153 1834 27
97 1712 21
116 660 15
660 1837 46
1837 1838 24
1828 1838 27
114 1839 21
527 582 11
527 1426 16
526 1426 9
1055 1416 74
199 1055 17
107 1840 14
1822 1841 21
181 1842 21
1685 1842 86
617 1843 8
1844 1845 5
1845 1846 3
1846 1847 3
1847 1848 3
1848 1849 3
1849 1850 3
130 1850 6
130 1851 4
913 1851 3
607 913 3
998 1041 20
1041 1852 53
764 1852 49
97 408 14
408 706 41
408 1853 39
1853 1854 63
1598 1854 19
271 1723 42
271 1855 34
1855 1856 36
435 1856 30
236 1857 25
1858 1859 16
1717 1859 11
1693 1861 59
320 1862 11
321 1862 13
444 737 12
1627 1863 26
1562 1864 100
1501 1865 53
1762 1767 10
1284 1866 13
1731 1866 13
1000 1766 11
917 1867 13
1867 1868 17
850 1059 17
1797 1869 28
1796 1870 30
1796 1871 15
1871 1872 26
1872 1873 9
899 1874 44
28 1355 10
483 1229 13
483 1739 15
320 841 14
1301 1875 30
1876 1877 30
11 1222 38
689 729 14
367 1878 32
1273 1878 37
463 1879 40
25 1880 11
692 1880 16
227 1881 11
1881 1882 12
1882 1883 13
1883 1884 13
1884 1885 11
1885 1886 11
1886 1887 12
1887 1888 11
226 1888 12
226 1889 13
1889 1890 10
1890 1891 12
1891 1892 12
1892 1893 12
1893 1894 13
225 1894 10
225 1895 7
1895 1896 10
224 1896 19
100 1897 35
1897 1898 15
1898 1899 15
843 1899 53
680 1900 5
101 1901 17
556 1165 16
172 1902 16
223 1903 31
1903 1904 9
1904 1905 11
1905 1906 11
1906 1907 14
1907 1908 17
1908 1909 12
1909 1910 12
1910 1911 11
1911 1912 7
1912 1913 10
1913 1914 12
1914 1915 10
1456 1915 11
1456 1916 14
1916 1917 9
1457 1917 11
1457 1918 11
1918 1919 11
1919 1920 12
1458 1920 12
1458 1921 10
1921 1922 11
1922 1923 12
1923 1924 14
1924 1925 11
1925 1926 16
1195 1926 10
1195 1927 11
1927 1928 12
1508 1928 14
1507 1929 15
1929 1930 12
1196 1930 10
915 1772 5
604 1772 7
743 1931 21
1699 1933 64
1933 1934 35
1934 1935 21
1678 1936 23
1003 1936 18
1003 1390 10
1296 1826 10
1149 1390 26
252 622 118
405 608 14
1171 1396 32
1662 1937 18
55 1938 25
1354 1445 10
1939 1940 75
1940 1941 51
790 1942 10
1699 1943 20
1943 1944 26
1944 1945 20
1270 1946 11
1271 1946 10
1631 1947 13
556 1463 16
378 1075 11
245 1948 37
375 1948 131
1157 1949 9
1949 1950 18
1950 1951 25
61 1160 11
33 1952 20
1592 1953 25
1590 1953 46
1632 1954 19
1622 1954 15
1622 1955 9
1659 1956 35
515 1956 60
118 888 32
1680 1957 78
1957 1958 81
1089 1958 104
260 382 41
177 1959 8
13 1177 15
1719 1960 15
963 1226 55
1961 1962 22
1808 1963 16
97 1963 28
193 1964 8
22 380 18
989 1965 21
424 667 54
187 1365 106
238 1966 33
1966 1967 13
384 1967 19
384 1968 24
566 1969 61
1010 1037 23
296 1970 61
97 469 608
2 137 18
657 1971 7
54 1971 26
716 1972 10
1972 1973 30
837 1974 26
836 1974 14
55 1975 32
54 1975 11
529 1427 15
509 1356 7
871 1976 25
1621 1977 16
334 1185 7
103 1979 25
1459 1979 50
1108 1459 12
1130 1980 39
676 1980 102
681 1011 61
234 1631 13
1947 1981 13
1630 1981 12
1629 1982 10
1628 1982 13
73 1983 75
191 1983 13
1685 1984 14
1586 1984 17
1586 1985 16
1985 1986 12
76 1986 8
1480 1987 41
1987 1988 50
1988 1989 14
1414 1990 22
41 1990 5
42 1626 10
1292 1599 205
1900 1991 13
1991 1992 36
1992 1993 10
1993 1994 13
1994 1995 23
1995 1996 29
1996 1997 46
1997 1998 40
480 1999 21
194 1999 33
998 1931 16
1130 1674 124
452 1445 15
999 2000 26
238 793 234
55 2001 22
170 1190 9
1190 1860 14
1411 1438 21
359 459 9
927 2004 61
1386 2004 18
1386 2005 14
2005 2006 11
2006 2007 9
2007 2008 9
2008 2009 6
2009 2010 13
2010 2011 10
1387 2011 14
1387 2012 19
2012 2013 10
2013 2014 20
1325 1483 27
1483 2015 9
1064 2015 43
288 355 12
1177 1661 9
795 2016 7
631 2016 50
799 1636 27
1864 2017 29
2017 2018 20
2018 2019 28
2019 2020 24
2020 2021 17
1186 2021 26
1186 2022 9
2022 2023 12
596 2023 12
596 2024 13
2024 2025 13
2025 2026 8
55 2026 22
1388 2027 52
1388 2028 28
169 2029 11
408 2030 45
2030 2031 10
2031 2032 10
2032 2033 5
2033 2034 8
2034 2035 13
2035 2036 8
2036 2037 10
2037 2038 14
2038 2039 8
2039 2040 11
2040 2041 11
2041 2042 8
849 2042 10
849 2043 8
2043 2044 10
2044 2045 10
2045 2046 10
2046 2047 11
2047 2048 10
2048 2049 9
2049 2050 15
2050 2051 9
848 2051 9
848 2052 10
2052 2053 13
2053 2054 15
2054 2055 9
2055 2056 9
177 2057 45
817 2058 26
816 2058 14
816 2059 13
2059 2060 10
2060 2061 12
815 2062 12
814 2062 15
1066 1579 93
156 1649 61
1478 1596 11
356 1596 16
582 1952 18
99 685 293
347 1184 9
456 856 23
1006 2063 13
1169 2063 17
397 906 9
1271 2064 28
238 2064 10
2065 2066 24
121 2066 131
451 2067 65
421 2067 8
1977 2068 29
1209 1411 44
940 1212 44
940 2069 28
2069 2070 12
2070 2071 21
2071 2072 12
1123 1259 49
363 2073 34
490 2074 18
806 1222 12
1479 2075 111
1375 1660 14
36 1249 54
1311 2076 34
105 1484 17
60 166 13
870 1750 14
1750 2077 21
2077 2078 21
280 1980 14
997 1448 29
573 2079 35
574 2079 10
486 1230 11
60 1160 10
492 875 10
1110 2081 13
1110 2082 15
1740 2082 9
115 1331 14
191 2083 23
231 2084 37
611 1937 12
1159 1666 6
104 2085 626
1836 2086 25
2086 2087 29
1255 1370 8
1255 2088 51
2088 2089 13
2089 2090 14
2090 2091 14
2091 2092 25
2092 2093 43
1868 2093 14
22 2095 48
168 2096 9
167 2096 12
103 2097 9
654 2098 26
238 2099 24
1271 2099 14
421 2100 43
730 2101 21
2101 2102 22
2102 2103 29
731 2103 49
803 2104 14
804 2104 42
1124 1259 29
451 2075 66
193 2075 97
1394 2105 78
872 1250 8
1589 2107 68
191 2107 19
1757 2108 44
289 2109 17
139 2110 43
1224 2110 14
754 765 53
74 739 15
1673 2111 63
2111 2112 30
2112 2113 29
187 2113 37
624 2114 14
1317 2115 73
825 2057 31
950 1330 12
1081 2116 9
114 2116 12
211 2117 14
436 2117 16
335 696 9
1001 1192 85
485 1831 10
1089 2118 44
602 2002 5
166 739 22
35 1131 36
227 2119 22
1217 2119 30
1217 2120 31
1216 2120 32
229 1215 110
232 2121 65
1261 2121 59
490 1176 12
489 891 21
106 2122 34
708 2122 31
708 2123 7
598 1605 27
207 295 9
509 1357 8
403 553 17
171 1860 15
1191 1902 14
325 1247 19
1618 2124 9
2124 2125 5
156 2125 6
874 1175 26
246 874 15
905 1596 12
198 1581 79
2115 2126 11
1544 2127 35
534 1833 7
1976 2128 17
1717 2129 26
2131 2132 15
2133 2134 13
1069 1327 94
357 716 121
492 2074 19
2135 2136 54
2136 2137 50
514 2137 35
699 1132 13
36 195 555
80 474 16
1600 1760 26
190 1802 237
1112 2138 10
1938 2138 10
97 1292 30
58 546 116
1088 1970 64
1301 2139 30
843 2139 38
971 1124 75
808 1299 14
1685 2080 22
2129 2141 14
1455 1623 26
1752 2142 40
101 2142 22
114 2143 10
117 164 15
1534 2144 9
2145 2146 16
2146 2147 23
2147 2148 20
2148 2149 15
2149 2150 23
2150 2151 45
1720 1960 8
1697 2152 12
2153 2154 25
2154 2155 31
841 2155 115
2153 2156 56
1989 2156 27
1250 1576 15
34 1536 24
383 1576 14
496 1741 13
118 2157 106
181 2157 18
1983 2158 35
624 2158 34
78 2159 49
2160 2161 12
2161 2162 7
2162 2163 12
1519 1829 8
384 2164 12
1966 2164 20
1429 1966 10
646 1687 14
620 2165 29
744 1074 19
1297 1552 37
630 772 32
1451 2166 133
1450 2166 108
1 2167 121
940 1213 27
1213 1718 16
995 1552 51
1699 2169 23
1269 2170 24
1268 2170 17
183 2171 40
865 2172 18
866 2172 29
869 1750 33
219 2173 23
619 2173 12
124 2174 12
2174 2175 5
909 2175 4
909 2176 3
910 2176 6
910 2177 6
2177 2178 4
2178 2179 7
2179 2180 6
911 2180 6
911 2181 6
912 2181 5
1193 1833 15
847 2182 39
2182 2183 11
2183 2184 9
2184 2185 10
846 2185 20
845 2186 10
842 2187 14
2187 2188 11
2188 2189 14
2140 2189 13
1900 2140 25
97 1009 54
416 2190 27
86 1396 37
40 1464 7
943 1088 46
1362 1430 22
1430 2191 13
437 2192 15
2192 2193 8
2193 2194 8
2194 2195 11
482 2195 17
482 2196 17
2196 2197 10
1012 2197 10
1012 2198 10
2198 2199 9
438 2199 17
2200 2201 45
2201 2202 26
2202 2203 74
2203 2204 28
2145 2205 23
2205 2206 12
42 1159 6
603 2002 6
68 283 133
530 2207 13
262 2207 9
238 1961 44
1100 1961 20
1388 2208 9
2208 2209 37
2209 2210 150
2210 2211 15
2014 2211 10
2212 2213 17
1810 2213 19
1812 2214 32
2214 2215 65
333 2215 49
808 877 28
1145 2216 10
1020 2217 20
2217 2218 16
2218 2219 22
2219 2220 20
2220 2221 11
1935 2221 20
1677 2222 21
2159 2222 24
1479 2223 43
1864 2224 20
2224 2225 11
348 1670 5
1130 2226 67
1978 2226 59
166 1160 19
813 2227 21
814 2227 9
815 2228 10
2061 2228 8
816 2229 2
201 2230 23
480 2231 19
154 2003 9
206 2003 12
208 1295 74
182 2232 23
1801 2232 21
961 2095 14
1360 2233 29
1030 2233 19
173 2234 14
415 2235 23
1098 2236 6
771 2095 37
524 1410 10
24 1326 20
11 2074 31
2136 2237 54
813 2238 18
491 1176 32
741 1328 46
618 1843 8
289 2239 35
217 2239 15
489 1176 24
144 1672 7
144 1670 9
1989 2240 10
1443 1946 18
524 2242 9
1111 1934 45
258 2243 64
319 1665 9
1757 2244 35
183 1945 31
852 1028 8
1590 2245 28
183 2246 17
1531 2246 56
1526 1680 241
416 975 138
655 2247 45
1533 2248 10
1534 2248 25
214 2249 20
1210 2250 14
1009 1713 63
165 1032 17
217 2252 50
115 2143 31
807 877 14
183 1944 46
451 2223 152
2109 2239 21
900 1874 19
1598 2253 22
1853 2253 77
73 2083 66
1592 2245 43
2254 2255 21
2255 2256 59
2256 2257 39
906 2003 35
1274 1950 35
1352 1654 18
1875 2258 11
1876 2258 26
1877 2259 28
100 2259 14
183 2260 26
2244 2261 27
2108 2262 26
813 2262 56
1638 2264 11
235 2265 10
695 888 12
411 2266 69
77 2073 22
336 2073 40
2128 2141 18
2129 2267 13
447 1120 235
97 929 279
683 2235 17
682 2235 83
710 2268 21
711 2268 27
1840 2269 25
1932 2269 19
1932 2270 28
2270 2271 22
1841 2271 16
1822 2272 26
2272 2273 32
2273 2274 8
2274 2275 11
2275 2276 7
624 2276 10
617 851 15
1290 2277 68
1650 2277 121
1625 2278 29
804 2278 49
383 1498 19
2138 2279 31
1111 2279 16
1404 1537 30
443 1300 19
148 2280 12
368 382 160
20 2280 34
236 2130 13
642 2282 38
807 890 12
874 891 42
789 2283 16
2068 2283 26
2068 2284 11
2284 2285 41
2285 2286 29
2286 2287 17
632 2287 19
889 2289 17
1157 2289 17
234 651 25
1269 2290 11
1268 2290 30
418 1535 16
1351 1654 15
153 2291 49
2291 2292 62
668 2292 16
669 2293 59
670 2293 50
671 2294 23
672 2294 14
520 2295 15
1740 2295 23
1722 2081 8
1112 2279 24
4 1536 15
238 2296 12
517 1536 35
1713 1963 22
1963 2076 38
2098 2297 24
1241 2297 55
1209 1408 17
287 1596 15
817 2298 36
887 2298 7
887 2299 28
2087 2299 20
2087 2300 10
2300 2301 11
1146 2302 16
574 1298 30
2126 2303 17
198 2304 15
1427 1542 11
2083 2158 26
2264 2281 10
613 2231 13
1588 2107 23
581 1333 18
80 1200 12
238 2305 12
2305 2306 5
1501 2307 13
416 2168 110
1112 2308 14
1111 2308 26
571 2309 18
1017 2309 22
503 2168 28
1280 2143 10
44 2310 79
123 2310 12
34 517 14
345 960 19
1840 2311 13
2311 2312 15
2312 2313 11
2313 2314 23
69 2314 111
69 2315 64
68 2315 24
875 2163 7
11 875 10
1245 1264 45
277 549 38
562 1462 16
24 1327 13
255 962 143
2223 2316 37
1104 2316 29
898 1368 179
320 2317 36
679 2317 13
229 2318 10
165 2319 40
2319 2320 18
116 2320 43
647 2322 11
2015 2323 21
2323 2324 22
2324 2325 146
547 2325 95
1618 2326 7
1620 2326 11
1620 2327 6
241 2327 5
286 1570 12
1820 2114 19
217 806 213
896 2328 29
808 1644 16
1725 2329 46
1725 2330 16
1666 2331 12
43 2331 5
223 2332 54
2134 2332 12
2133 2333 14
2333 2334 14
2334 2335 9
1198 2335 17
1198 2336 26
2336 2337 9
2337 2338 9
2338 2339 14
2339 2340 13
1197 2340 9
1197 2341 11
1196 2341 28
1196 2342 10
2342 2343 12
2343 2344 9
1506 2344 10
1506 2345 7
1505 2345 15
1504 2346 11
2346 2347 13
2347 2348 29
2348 2349 14
1503 2349 13
1503 2350 14
2350 2351 12
2351 2352 12
512 2352 39
1712 2353 13
1113 2353 12
216 2354 6
216 2355 9
1711 2355 14
1711 2356 75
2356 2357 13
939 2357 16
519 2358 32
116 661 1
1703 2359 9
901 1874 14
800 1636 14
1103 1117 9
1715 2360 33
1716 2360 42
1716 2361 16
2361 2362 17
1832 2362 45
2363 2364 7
643 2282 14
1725 2365 53
1337 2365 39
1437 2366 29
2366 2367 10
2367 2368 9
1639 2368 14
1622 1639 15
234 1954 23
121 2369 90
486 728 11
917 2093 33
110 2370 76
1314 2371 26
1314 2372 17
1315 2372 23
1316 2373 41
1317 2373 42
1317 2126 63
1194 2374 61
238 2375 17
460 2173 23
1605 1632 82
1141 2376 12
2094 2377 5
98 684 293
436 2378 19
2378 2379 57
212 2379 51
213 1773 53
2281 2380 10
2067 2223 61
1414 1710 7
1240 1964 9
975 2381 33
2381 2382 9
2382 2383 10
2383 2384 14
2384 2385 8
1858 2386 17
593 2168 33
843 2387 35
844 2387 12
844 2388 11
2186 2388 10
617 2389 13
167 2389 20
527 1952 11
68 2390 20
1425 2029 13
1370 2391 272
2131 2391 100
1386 2392 10
2121 2393 23
1103 1240 11
1744 2394 47
1145 2394 179
1318 2126 25
1719 2395 22
1872 2395 24
1350 1438 21
1696 2152 9
515 2397 58
1018 1464 5
2119 2398 10
232 1260 109
216 1387 229
127 1765 10
624 2399 18
1827 2057 33
239 2205 34
239 386 39
386 1968 23
140 1228 57
288 2109 9
420 2067 20
1857 2386 13
1857 2400 15
2130 2400 10
1018 1990 7
240 2401 47
284 2402 10
1668 2402 66
283 2403 94
2403 2404 41
2249 2404 52
2405 2406 38
2406 2407 27
871 2407 23
2319 2408 13
1657 2409 21
650 2281 45
229 1214 112
1258 2377 13
54 2410 24
655 2411 27
1687 2412 13
2413 2414 20
2414 2415 24
1603 2415 8
2106 2261 10
2106 2416 19
183 2416 26
716 2417 72
1517 2369 83
1113 1387 215
744 2418 12
2076 2419 15
170 1262 11
716 1553 198
174 2420 9
175 2420 25
1686 2421 19
212 2117 117
97 1853 40
1436 2422 17
1100 2423 46
1725 2423 22
1725 2424 34
387 2425 26
1145 2426 13
110 2254 11
1183 1685 7
2320 2408 6
702 1520 7
1091 2427 84
1516 2427 77
124 1123 389
1836 2428 16
1835 2428 61
1656 2409 101
2429 2430 30
2354 2431 5
1113 2431 17
2432 2433 40
1209 1313 77
2434 2435 57
2435 2436 68
2436 2437 15
2437 2438 9
2438 2439 25
2439 2440 10
2440 2441 9
2385 2441 9
25 1069 127
993 2131 46
199 2370 16
1055 2442 20
1351 2377 15
2305 2443 13
1837 2444 13
2444 2445 11
2445 2446 9
659 2446 12
116 659 26
116 1471 20
178 2421 12
165 1031 24
165 2322 11
1725 2447 26
1003 1389 53
236 2448 13
235 2448 9
2265 2380 10
1802 2288 22
2288 2449 50
1464 1710 20
1543 2450 25
650 2380 53
2451 2452 10
72 2452 31
72 2453 23
2453 2454 11
71 2454 22
71 2455 11
2455 2456 42
2456 2457 64
70 2457 11
70 2458 12
2458 2459 34
69 2459 23
1865 2460 34
1070 2460 41
192 1167 567
1879 2461 11
662 2461 53
662 2462 42
663 2462 20
663 2463 15
445 2463 29
1626 1666 5
1004 1127 408
1141 2464 16
1274 1951 12
54 2224 68
1147 2465 11
2466 2467 15
2467 2468 63
2468 2469 28
2469 2470 47
2123 2470 16
1315 2471 9
1314 2471 32
2371 2472 10
1703 2472 31
549 1483 21
371 382 37
1969 2374 124
656 1242 39
1089 2473 133
2474 2475 64
2475 2476 34
2476 2477 30
2477 2478 16
209 2478 27
1638 2479 8
650 2479 24
1870 2321 34
735 1853 168
1863 2480 12
1864 2480 26
1864 2481 11
54 2482 24
1828 2483 12
1839 2484 10
2484 2485 12
1828 2485 14
1828 2486 36
2486 2487 15
2487 2488 2
1814 2489 10
101 2490 49
2490 2491 17
2491 2492 25
2473 2492 58
2473 2493 34
2118 2493 47
1260 2121 6
333 2494 79
2494 2495 25
2495 2496 50
2496 2497 14
2497 2498 11
2498 2499 52
2499 2500 18
2500 2501 14
2501 2502 9
2502 2503 13
2503 2504 12
433 2504 10
2383 2440 31
1638 2505 13
234 2505 11
208 2173 108
519 2506 39
2169 2506 14
1241 2507 41
798 1636 39
116 2508 32
2508 2509 15
707 2510 16
640 2511 19
641 2511 15
1089 2512 13
2513 2514 21
737 1300 17
1697 2515 21
2515 2516 19
1636 2516 16
1719 2518 134
463 2191 26
97 2038 108
1243 2519 7
1501 2266 31
1798 2520 23
929 1835 19
1835 2521 9
2521 2522 9
35 1536 13
2451 2523 34
73 2523 8
2126 2524 123
896 2524 59
896 1861 90
2201 2525 36
2525 2526 36
2526 2527 41
2527 2528 19
2528 2529 61
2126 2529 45
266 2530 17
418 2530 21
417 2190 12
2531 2532 28
681 1227 67
1080 2399 16
1270 1443 11
2391 2533 32
2533 2534 12
1773 2535 9
2535 2536 28
1815 2537 29
720 2165 133
2126 2538 50
2538 2539 26
11 515 12
1201 1252 29
420 451 90
2071 2540 44
1312 2076 25
2414 2541 18
1 1341 153
902 978 88
194 501 25
234 2479 15
386 2425 47
1391 2542 18
517 1131 15
240 386 141
412 2543 15
2543 2544 9
2544 2545 9
55 2545 19
422 2100 12
1989 2434 25
997 2546 25
896 1691 181
189 2547 77
124 349 33
189 2548 44
1725 1962 95
108 2549 30
2549 2550 17
202 2550 116
109 2551 16
2230 2551 16
201 2552 33
1054 2552 31
189 2553 90
1802 2263 164
497 579 22
2428 2554 14
2554 2555 11
1191 2234 11
1019 1710 12
590 2556 14
839 2556 10
2297 2557 18
1659 2558 39
2000 2559 12
2559 2560 9
2305 2560 18
178 2561 21
179 2561 9
885 1798 156
1058 1710 13
852 1510 6
246 488 9
1129 2562 25
192 2562 142
1532 2358 19
2082 2295 28
190 2263 62
1869 2321 37
524 2563 26
2563 2564 14
1703 2564 12
1703 2565 28
2405 2565 27
817 2566 18
529 884 15
2246 2567 24
2251 2568 11
645 2568 13
165 1033 11
2241 2305 10
195 2389 13
2126 2569 18
229 2570 8
1090 2493 73
631 2286 63
496 2304 8
1314 2571 16
2571 2572 9
239 2573 27
1698 2517 20
232 2084 44
228 2574 9
2120 2574 69
2462 2575 13
2575 2576 12
1554 2523 23
238 1962 30
